 p  |(i.f   i.l   i.a)|(p   b   t)| s[00]        s[01]        s[02]        s[03]        s[04]        s[05]        s[06]        s[07]       s[08]        s[09]        s[10]       
  1   INT   0    0005   1   1   5   000000001    000000000    000000000    000000000    000000000    000000000    
  2   LIT   0    0001   2   1   6   000000001    000000000    000000000    000000000    000000000    000000000    000000001    
  3   STO   0    0004   3   1   5   000000001    000000000    000000000    000000000    000000000    000000001    
  4   LOD   0    0004   4   1   6   000000001    000000000    000000000    000000000    000000000    000000001    000000001    
  5   STO   0    0003   5   1   5   000000001    000000000    000000000    000000000    000000001    000000001    
  6   LOD   0    0004   6   1   6   000000001    000000000    000000000    000000000    000000001    000000001    000000001    
  7   LIT   0    0001   7   1   7   000000001    000000000    000000000    000000000    000000001    000000001    000000001    000000001    
  8   OPR   0    0002   8   1   6   000000001    000000000    000000000    000000000    000000001    000000001    000000002    
  9   STO   0    0004   9   1   5   000000001    000000000    000000000    000000000    000000001    000000002    
 10   LOD   0    0004  10   1   6   000000001    000000000    000000000    000000000    000000001    000000002    000000002    
 11   LOD   0    0003  11   1   7   000000001    000000000    000000000    000000000    000000001    000000002    000000002    000000001    
 12   OPR   0    0002  12   1   6   000000001    000000000    000000000    000000000    000000001    000000002    000000003    
 13   STO   0    0003  13   1   5   000000001    000000000    000000000    000000000    000000003    000000002    
 14   LIT   0    0010  14   1   6   000000001    000000000    000000000    000000000    000000003    000000002    000000010    
 15   LOD   0    0004  15   1   7   000000001    000000000    000000000    000000000    000000003    000000002    000000010    000000002    
 16   OPR   0    0003  16   1   6   000000001    000000000    000000000    000000000    000000003    000000002    000000008    
 17   JPC   0    0018  17   1   5   000000001    000000000    000000000    000000000    000000003    000000002    
 18   JMP   0    0005   5   1   5   000000001    000000000    000000000    000000000    000000003    000000002    
  6   LOD   0    0004   6   1   6   000000001    000000000    000000000    000000000    000000003    000000002    000000002    
  7   LIT   0    0001   7   1   7   000000001    000000000    000000000    000000000    000000003    000000002    000000002    000000001    
  8   OPR   0    0002   8   1   6   000000001    000000000    000000000    000000000    000000003    000000002    000000003    
  9   STO   0    0004   9   1   5   000000001    000000000    000000000    000000000    000000003    000000003    
 10   LOD   0    0004  10   1   6   000000001    000000000    000000000    000000000    000000003    000000003    000000003    
 11   LOD   0    0003  11   1   7   000000001    000000000    000000000    000000000    000000003    000000003    000000003    000000003    
 12   OPR   0    0002  12   1   6   000000001    000000000    000000000    000000000    000000003    000000003    000000006    
 13   STO   0    0003  13   1   5   000000001    000000000    000000000    000000000    000000006    000000003    
 14   LIT   0    0010  14   1   6   000000001    000000000    000000000    000000000    000000006    000000003    000000010    
 15   LOD   0    0004  15   1   7   000000001    000000000    000000000    000000000    000000006    000000003    000000010    000000003    
 16   OPR   0    0003  16   1   6   000000001    000000000    000000000    000000000    000000006    000000003    000000007    
 17   JPC   0    0018  17   1   5   000000001    000000000    000000000    000000000    000000006    000000003    
 18   JMP   0    0005   5   1   5   000000001    000000000    000000000    000000000    000000006    000000003    
  6   LOD   0    0004   6   1   6   000000001    000000000    000000000    000000000    000000006    000000003    000000003    
  7   LIT   0    0001   7   1   7   000000001    000000000    000000000    000000000    000000006    000000003    000000003    000000001    
  8   OPR   0    0002   8   1   6   000000001    000000000    000000000    000000000    000000006    000000003    000000004    
  9   STO   0    0004   9   1   5   000000001    000000000    000000000    000000000    000000006    000000004    
 10   LOD   0    0004  10   1   6   000000001    000000000    000000000    000000000    000000006    000000004    000000004    
 11   LOD   0    0003  11   1   7   000000001    000000000    000000000    000000000    000000006    000000004    000000004    000000006    
 12   OPR   0    0002  12   1   6   000000001    000000000    000000000    000000000    000000006    000000004    000000010    
 13   STO   0    0003  13   1   5   000000001    000000000    000000000    000000000    000000010    000000004    
 14   LIT   0    0010  14   1   6   000000001    000000000    000000000    000000000    000000010    000000004    000000010    
 15   LOD   0    0004  15   1   7   000000001    000000000    000000000    000000000    000000010    000000004    000000010    000000004    
 16   OPR   0    0003  16   1   6   000000001    000000000    000000000    000000000    000000010    000000004    000000006    
 17   JPC   0    0018  17   1   5   000000001    000000000    000000000    000000000    000000010    000000004    
 18   JMP   0    0005   5   1   5   000000001    000000000    000000000    000000000    000000010    000000004    
  6   LOD   0    0004   6   1   6   000000001    000000000    000000000    000000000    000000010    000000004    000000004    
  7   LIT   0    0001   7   1   7   000000001    000000000    000000000    000000000    000000010    000000004    000000004    000000001    
  8   OPR   0    0002   8   1   6   000000001    000000000    000000000    000000000    000000010    000000004    000000005    
  9   STO   0    0004   9   1   5   000000001    000000000    000000000    000000000    000000010    000000005    
 10   LOD   0    0004  10   1   6   000000001    000000000    000000000    000000000    000000010    000000005    000000005    
 11   LOD   0    0003  11   1   7   000000001    000000000    000000000    000000000    000000010    000000005    000000005    000000010    
 12   OPR   0    0002  12   1   6   000000001    000000000    000000000    000000000    000000010    000000005    000000015    
 13   STO   0    0003  13   1   5   000000001    000000000    000000000    000000000    000000015    000000005    
 14   LIT   0    0010  14   1   6   000000001    000000000    000000000    000000000    000000015    000000005    000000010    
 15   LOD   0    0004  15   1   7   000000001    000000000    000000000    000000000    000000015    000000005    000000010    000000005    
 16   OPR   0    0003  16   1   6   000000001    000000000    000000000    000000000    000000015    000000005    000000005    
 17   JPC   0    0018  17   1   5   000000001    000000000    000000000    000000000    000000015    000000005    
 18   JMP   0    0005   5   1   5   000000001    000000000    000000000    000000000    000000015    000000005    
  6   LOD   0    0004   6   1   6   000000001    000000000    000000000    000000000    000000015    000000005    000000005    
  7   LIT   0    0001   7   1   7   000000001    000000000    000000000    000000000    000000015    000000005    000000005    000000001    
  8   OPR   0    0002   8   1   6   000000001    000000000    000000000    000000000    000000015    000000005    000000006    
  9   STO   0    0004   9   1   5   000000001    000000000    000000000    000000000    000000015    000000006    
 10   LOD   0    0004  10   1   6   000000001    000000000    000000000    000000000    000000015    000000006    000000006    
 11   LOD   0    0003  11   1   7   000000001    000000000    000000000    000000000    000000015    000000006    000000006    000000015    
 12   OPR   0    0002  12   1   6   000000001    000000000    000000000    000000000    000000015    000000006    000000021    
 13   STO   0    0003  13   1   5   000000001    000000000    000000000    000000000    000000021    000000006    
 14   LIT   0    0010  14   1   6   000000001    000000000    000000000    000000000    000000021    000000006    000000010    
 15   LOD   0    0004  15   1   7   000000001    000000000    000000000    000000000    000000021    000000006    000000010    000000006    
 16   OPR   0    0003  16   1   6   000000001    000000000    000000000    000000000    000000021    000000006    000000004    
 17   JPC   0    0018  17   1   5   000000001    000000000    000000000    000000000    000000021    000000006    
 18   JMP   0    0005   5   1   5   000000001    000000000    000000000    000000000    000000021    000000006    
  6   LOD   0    0004   6   1   6   000000001    000000000    000000000    000000000    000000021    000000006    000000006    
  7   LIT   0    0001   7   1   7   000000001    000000000    000000000    000000000    000000021    000000006    000000006    000000001    
  8   OPR   0    0002   8   1   6   000000001    000000000    000000000    000000000    000000021    000000006    000000007    
  9   STO   0    0004   9   1   5   000000001    000000000    000000000    000000000    000000021    000000007    
 10   LOD   0    0004  10   1   6   000000001    000000000    000000000    000000000    000000021    000000007    000000007    
 11   LOD   0    0003  11   1   7   000000001    000000000    000000000    000000000    000000021    000000007    000000007    000000021    
 12   OPR   0    0002  12   1   6   000000001    000000000    000000000    000000000    000000021    000000007    000000028    
 13   STO   0    0003  13   1   5   000000001    000000000    000000000    000000000    000000028    000000007    
 14   LIT   0    0010  14   1   6   000000001    000000000    000000000    000000000    000000028    000000007    000000010    
 15   LOD   0    0004  15   1   7   000000001    000000000    000000000    000000000    000000028    000000007    000000010    000000007    
 16   OPR   0    0003  16   1   6   000000001    000000000    000000000    000000000    000000028    000000007    000000003    
 17   JPC   0    0018  17   1   5   000000001    000000000    000000000    000000000    000000028    000000007    
 18   JMP   0    0005   5   1   5   000000001    000000000    000000000    000000000    000000028    000000007    
  6   LOD   0    0004   6   1   6   000000001    000000000    000000000    000000000    000000028    000000007    000000007    
  7   LIT   0    0001   7   1   7   000000001    000000000    000000000    000000000    000000028    000000007    000000007    000000001    
  8   OPR   0    0002   8   1   6   000000001    000000000    000000000    000000000    000000028    000000007    000000008    
  9   STO   0    0004   9   1   5   000000001    000000000    000000000    000000000    000000028    000000008    
 10   LOD   0    0004  10   1   6   000000001    000000000    000000000    000000000    000000028    000000008    000000008    
 11   LOD   0    0003  11   1   7   000000001    000000000    000000000    000000000    000000028    000000008    000000008    000000028    
 12   OPR   0    0002  12   1   6   000000001    000000000    000000000    000000000    000000028    000000008    000000036    
 13   STO   0    0003  13   1   5   000000001    000000000    000000000    000000000    000000036    000000008    
 14   LIT   0    0010  14   1   6   000000001    000000000    000000000    000000000    000000036    000000008    000000010    
 15   LOD   0    0004  15   1   7   000000001    000000000    000000000    000000000    000000036    000000008    000000010    000000008    
 16   OPR   0    0003  16   1   6   000000001    000000000    000000000    000000000    000000036    000000008    000000002    
 17   JPC   0    0018  17   1   5   000000001    000000000    000000000    000000000    000000036    000000008    
 18   JMP   0    0005   5   1   5   000000001    000000000    000000000    000000000    000000036    000000008    
  6   LOD   0    0004   6   1   6   000000001    000000000    000000000    000000000    000000036    000000008    000000008    
  7   LIT   0    0001   7   1   7   000000001    000000000    000000000    000000000    000000036    000000008    000000008    000000001    
  8   OPR   0    0002   8   1   6   000000001    000000000    000000000    000000000    000000036    000000008    000000009    
  9   STO   0    0004   9   1   5   000000001    000000000    000000000    000000000    000000036    000000009    
 10   LOD   0    0004  10   1   6   000000001    000000000    000000000    000000000    000000036    000000009    000000009    
 11   LOD   0    0003  11   1   7   000000001    000000000    000000000    000000000    000000036    000000009    000000009    000000036    
 12   OPR   0    0002  12   1   6   000000001    000000000    000000000    000000000    000000036    000000009    000000045    
 13   STO   0    0003  13   1   5   000000001    000000000    000000000    000000000    000000045    000000009    
 14   LIT   0    0010  14   1   6   000000001    000000000    000000000    000000000    000000045    000000009    000000010    
 15   LOD   0    0004  15   1   7   000000001    000000000    000000000    000000000    000000045    000000009    000000010    000000009    
 16   OPR   0    0003  16   1   6   000000001    000000000    000000000    000000000    000000045    000000009    000000001    
 17   JPC   0    0018  17   1   5   000000001    000000000    000000000    000000000    000000045    000000009    
 18   JMP   0    0005   5   1   5   000000001    000000000    000000000    000000000    000000045    000000009    
  6   LOD   0    0004   6   1   6   000000001    000000000    000000000    000000000    000000045    000000009    000000009    
  7   LIT   0    0001   7   1   7   000000001    000000000    000000000    000000000    000000045    000000009    000000009    000000001    
  8   OPR   0    0002   8   1   6   000000001    000000000    000000000    000000000    000000045    000000009    000000010    
  9   STO   0    0004   9   1   5   000000001    000000000    000000000    000000000    000000045    000000010    
 10   LOD   0    0004  10   1   6   000000001    000000000    000000000    000000000    000000045    000000010    000000010    
 11   LOD   0    0003  11   1   7   000000001    000000000    000000000    000000000    000000045    000000010    000000010    000000045    
 12   OPR   0    0002  12   1   6   000000001    000000000    000000000    000000000    000000045    000000010    000000055    
 13   STO   0    0003  13   1   5   000000001    000000000    000000000    000000000    000000055    000000010    
 14   LIT   0    0010  14   1   6   000000001    000000000    000000000    000000000    000000055    000000010    000000010    
 15   LOD   0    0004  15   1   7   000000001    000000000    000000000    000000000    000000055    000000010    000000010    000000010    
 16   OPR   0    0003  16   1   6   000000001    000000000    000000000    000000000    000000055    000000010    000000000    
 17   JPC   0    0018  18   1   5   000000001    000000000    000000000    000000000    000000055    000000010    
 19   OPR   0    0000   0   0   0   000000001    

